104

true,true,43,45

door_open1:1,0.52,0.0005,0.0698,0.9312,0.4,0.645,0.205,,-0.175,,,,,,0.5721,-0.7856,0.415,-0.8183,0.5623,0.9225,-0.9982,,-0.4066,0.3482,0.7741,-0.9236,0.1819,0.1503,0.3725,0.3628,-0.8306,masterVolume,compressionAmount,waveType,decayTime,sustainTime:38
door_close:5,0.52,0.0005,0.0698,0.9312,0.4,0.645,0.205,,-0.175,,,,,,0.5721,-0.7856,0.415,-0.8183,0.5623,0.9225,-0.9982,,-0.4066,0.3482,0.7741,-0.9236,0.1819,0.1503,0.3725,0.3628,-0.8306,masterVolume:39
door_open2:1,0.52,,0.0698,0.9502,0.4,0.645,0.1822,,-0.1503,-0.0401,,,0.0398,0.0299,0.5721,-0.7856,0.415,-0.8183,0.5623,0.8756,-0.9893,0.0387,-0.4066,0.3482,0.7741,-0.8886,0.1819,0.1833,0.3811,0.3628,-0.8306,masterVolume,compressionAmount,waveType,decayTime,sustainTime:42
door_open3:1,0.52,0.0005,0.0698,0.9309,0.4,0.645,0.205,,-0.1737,-0.0391,0.019,,,0.0401,0.5721,-0.7818,0.415,-0.8667,0.5623,0.891,-0.9494,,-0.3984,0.3092,0.7741,-0.9236,0.1819,0.1342,0.41,0.3628,-0.8306,masterVolume,compressionAmount,waveType,decayTime,sustainTime:43

door_close1:-1>1>38|1,0.52,0.0005,0.0698,0.9312,0.4,0.645,0.205,,-0.175,,,,,,0.5721,-0.7856,0.415,-0.8183,0.5623,0.9225,-0.9982,,-0.4066,0.3482,0.7741,-0.9236,0.1819,0.1503,0.3725,0.3628,-0.8306,masterVolume|0|1|false>39|5,0.52,0.0005,0.0698,0.9312,0.4,0.645,0.205,,-0.175,,,,,,0.5721,-0.7856,0.415,-0.8183,0.5623,0.9225,-0.9982,,-0.4066,0.3482,0.7741,-0.9236,0.1819,0.1503,0.3725,0.3628,-0.8306,masterVolume|0.40738251142690945|1|false>-1||0|1|false>-1||0|1|false>-1||0|1|false:2
door_close2:-1>1>42|1,0.52,,0.0698,0.9502,0.4,0.645,0.1822,,-0.1503,-0.0401,,,0.0398,0.0299,0.5721,-0.7856,0.415,-0.8183,0.5623,0.8756,-0.9893,0.0387,-0.4066,0.3482,0.7741,-0.8886,0.1819,0.1833,0.3811,0.3628,-0.8306,masterVolume,compressionAmount,waveType,decayTime,sustainTime|0|1|false>39|5,0.52,0.0005,0.0698,0.9312,0.4,0.645,0.205,,-0.175,,,,,,0.5721,-0.7856,0.415,-0.8183,0.5623,0.9225,-0.9982,,-0.4066,0.3482,0.7741,-0.9236,0.1819,0.1503,0.3725,0.3628,-0.8306,masterVolume|0.42305106955871363|1|false>-1||0|1|false>-1||0|1|false>-1||0|1|false:44
door_close3:-1>1>43|1,0.52,0.0005,0.0698,0.9309,0.4,0.645,0.205,,-0.1737,-0.0391,0.019,,,0.0401,0.5721,-0.7818,0.415,-0.8667,0.5623,0.891,-0.9494,,-0.3984,0.3092,0.7741,-0.9236,0.1819,0.1342,0.41,0.3628,-0.8306,masterVolume,compressionAmount,waveType,decayTime,sustainTime|0|1|false>39|5,0.52,0.0005,0.0698,0.9312,0.4,0.645,0.205,,-0.175,,,,,,0.5721,-0.7856,0.415,-0.8183,0.5623,0.9225,-0.9982,,-0.4066,0.3482,0.7741,-0.9236,0.1819,0.1503,0.3725,0.3628,-0.8306,masterVolume|0.2350283719770631|1|false>-1||0|1|false>-1||0|1|false>-1||0|1|false:45
